-0.059034
0.143654
-0.601186
-0.206088
-0.125373
-0.126134
0.024316
-0.044893
-0.005800
-0.066165
-0.103654
0.171608
-0.301569
-0.039592
-0.016238
0.039729
-0.019243
0.019498
-0.007951
-0.169125
0.001618
-0.037010
-0.066065
-0.003167
0.056249
-0.005822
0.177958
0.112873
0.247805
0.337795
0.086919
-0.039132
-0.257166
0.295354
0.078406
-0.271608
0.018989
-0.020075
-0.000998
-0.146237
-0.047819
-0.014790
0.093267
0.176917
-0.081861
-0.117701
0.296382
-0.020796
-0.059563
-0.163961
-0.103216
0.181406
0.159698
0.020281
0.044801
0.005360
-0.128724
0.082908
0.136550
0.034835
-0.105180
0.015917
0.283419
0.002932
0.329366
0.036089
-0.007244
-0.020247
0.172133
-0.249571
0.090946
-0.358704
-0.062705
-0.070623
-0.080978
0.005776
-0.026193
-0.093986
0.127434
0.141185
-0.132518
0.044655
-0.108929
0.063228
0.005975
0.088050
-0.004205
0.198158
-0.113595
0.167391
0.086146
-0.258003
-0.123148
-0.337031
0.050000
-0.020570
-1.000884
-0.020939
-0.030056
-0.111380
-0.056004
-0.199070
0.000209
0.142080
0.155484
-0.102483
0.109544
0.086105
-0.150924
-0.366514
0.095014
-0.022420
-0.213391
-0.089246
0.152759
0.044206
-0.255108
-0.033995
0.017137
0.055215
-0.041977
-0.221237
0.024474
-0.080743
-0.064181
-0.003413
0.088352
0.065098
0.086299
0.093547
0.093405
-0.056586
0.043370
0.092807
0.142455
0.052451
0.034256
0.160371
0.123142
0.095912
-0.012753
0.106596
0.045234
0.154435
0.247449
-0.200357
-0.380699
0.208300
0.202832
-0.017919
0.115846
0.177168
0.216446
-0.050564
0.109167
0.099008
-0.072337
0.180368
-0.027219
-0.086752
0.082472
0.123896
0.082118
0.264783
0.004583
0.058616
0.041306
0.074802
0.089089
-0.208323
0.372961
0.315928
-0.029226
0.223776
0.086695
-0.027535
-0.033333
0.233700
0.133310
0.210552
0.150644
-0.072819
-0.002169
0.129516
-0.009937
-0.034466
0.035652
-0.091619
0.086877
0.095590
-0.244149
0.059854
0.060165
0.044306
0.097277
-0.106833
0.147227
0.204506
-0.115787
0.071397
0.145561
-0.113621
-0.165069
0.147716
0.049393
-0.043231
0.229311
0.019195
-0.042894
0.089876
0.205557
-0.064954
0.173045
0.138695
0.053882
-0.030927
0.029572
0.135128
-0.345332
-0.066893
0.171286
0.208702
0.045035
-0.045216
-0.094864
-0.108881
0.022953
0.347749
0.160266
0.291162
-0.252275
0.100424
0.033150
-0.095312
0.083025
0.091578
-0.120350
-0.025838
-0.054487
0.141487
-0.912410
0.062036
-0.077287
-0.033983
0.126764
0.300438
-0.120206
-0.587079
0.063379
-0.027114
0.062434
0.366140
0.036357
0.065850
0.091034
0.041246
0.009814
-0.055807
0.073098
-0.005599
-0.112752
-0.031871
0.141300
0.044014
0.044988
0.167351
-0.005112
-0.231986
0.071282
-0.023001
0.267900
-0.025494
-0.014817
0.091383
0.286150
-0.494545
-0.279602
0.067714
-0.107294
0.023604
-0.054061
-0.315363
-0.075051
-0.001229
0.004276
0.169923
-0.217274
-0.252561
0.067787
0.009394
-0.242845
-0.094018
0.040296
0.198570
-0.008519
0.013031
0.179755
-0.042615
0.012863
-0.099232
-0.061042
-0.364849
0.200685
0.008804
-0.022574
0.262168
0.111301
-0.101939
0.017664
-0.021430
0.012100
-0.028532
-0.043738
0.086972
0.198406
0.186082
-0.207277
0.040664
-0.087191
-0.018481
-0.061323
-0.096673
-0.101499
0.095519
-0.038207
0.029933
0.256414
-0.034425
0.173180
-0.368716
0.177715
0.026355
0.013009
0.021598
0.030066
-0.075737
-0.062838
-0.028592
0.213917
0.285755
-0.055681
-0.201996
-0.032717
0.035914
0.049201
0.201075
0.008102
0.000094
-0.005788
0.271054
-0.056116
-0.009048
0.052567
0.001248
-0.071010
-0.111379
-0.074900
-0.136278
-0.057241
-0.128355
-0.171093
0.005466
-0.052064
0.223533
-0.355800
0.053272
-0.108058
-0.047232
0.025328
0.257569
-0.382629
0.025152
0.002629
0.080366
0.308715
0.351935
-0.211022
-0.091800
-0.048135
0.278226
0.432779
0.127763
-0.209944
-0.096309
0.533517
-0.040266
0.017845
-0.125092
-0.002601
0.378266
-0.110345
-0.148011
-0.323219
-0.297155
-0.059869
-0.242852
0.329950
0.106099
0.225637
0.143172
0.172290
0.188068
-0.031866
0.103088
-0.102041
0.126890
0.018468
-0.003543
-0.148027
0.003055
0.045632
0.076193
0.002262
0.003589
0.021986
-0.192436
0.049361
0.132918
-0.000627
0.078994
0.045688
-0.122632
-0.171942
-0.091980
-0.052173
-0.205736
-0.088736
-0.192727
-0.066519
-0.118511
-0.338072
-0.184495
-0.231329
-0.092751
-0.001405
-0.208126
-0.337957
-0.247622
-0.046300
-0.091714
-0.164131
-0.028479
-0.066690
-0.225074
-0.182552
0.085715
-0.061531
-0.007836
-0.107371
0.108727
-0.216207
0.108601
-0.234248
-0.271317
-0.128831
-0.054377
-0.110156
-0.173331
0.442972
0.147853
0.223978
-0.145311
-0.374612
-0.193977
0.239929
-0.417393
0.074898
-0.048273
-0.125508
-0.052237
-0.169129
-0.039523
-0.023263
0.270052
-0.120125
-0.059430
0.002559
-0.076096
0.064953
0.178085
0.141726
0.026103
-0.215652
-0.056682
0.194816
0.110378
-0.006886
-0.196388
-0.006018
-0.010161
0.048051
-0.156064
0.105437
-0.146935
-0.165180
-0.128869
-0.249954
-0.058353
0.131829
0.063828
-0.132696
0.032262
-0.008004
0.037019
0.231634
-0.120409
-0.117025
0.004319
0.002903
0.264500
0.001560
-0.000051
0.012118
-0.040991
-0.069351
-0.078965
0.200392
-0.057941
0.105179
0.046992
-0.000357
-0.072018
-0.623869
-0.007186
0.231229
0.034093
-0.014049
0.052089
0.202341
0.023168
-0.074070
0.003068
0.260551
-0.132838
-0.052161
-0.183070
-0.076449
0.200586
0.106661
0.027388
-0.103542
0.047727
-0.038739
-0.055451
-0.069886
-0.143444
0.277863
0.005080
0.320513
-0.113804
0.017314
-0.062914
-0.073715
-0.100827
-0.134424
-0.070440
-0.093810
-0.078111
0.204458
-0.348208
-0.074805
-0.032345
-0.073564
0.395753
-0.037375
0.212635
0.001433
-0.250461
-0.088116
-0.042378
-0.061792
0.519331
1.337236
0.131510
-0.068217
0.130406
0.087501
-0.076125
-0.115083
-0.292436
0.087458
0.115858
-0.194105
-0.213185
-0.139514
0.006628
-0.046055
-0.066306
0.092114
-0.028266
-0.238469
-0.024348
-0.745195
0.003442
-0.100125
0.011065
0.072340
-0.057929
-0.218875
-0.124561
0.009271
0.018335
0.040950
0.015091
-0.109329
-0.058119
0.009600
0.116936
-0.063526
0.080469
0.039770
-0.136283
-0.056991
0.214568
-0.146770
0.062491
0.061751
-0.066549
-0.162015
0.164179
0.085528
0.014124
0.000791
-0.033514
-0.060570
-0.256979
0.056004
0.005414
0.183306
0.101925
-0.142870
0.084851
-0.074237
-0.516587
-0.004737
-0.026595
0.045222
0.031786
-0.182439
-0.040934
-0.028717
0.122917
0.102010
-0.029534
0.047915
0.062990
-0.064192
-0.084230
-0.046104
0.052632
0.196723
0.124866
0.048019
0.171498
0.276161
0.033958
0.321021
0.021419
0.030946
-0.046395
-0.055530
0.096784
-0.170781
0.212523
0.130310
0.077487
-0.114100
0.173541
0.004014
-0.356309
0.206414
0.257217
0.143584
-0.060418
-0.022247
-0.162789
0.065894
0.000564
0.045498
-0.198431
0.123629
0.102310
0.008887
0.202074
0.133602
0.137828
0.091710
0.173518
0.001365
-0.299963
-0.074633
-0.316350
-0.019293
-0.281401
0.080829
-0.198196
0.182260
0.180936
-0.114348
0.090594
0.039430
0.148052
0.193370
0.202718
-0.268465
0.234783
-0.212499
0.412717
0.328882
0.140749
-0.030136
0.021481
0.379168
0.311084
-0.554720
0.239210
-0.078040
0.117528
0.008109
0.114751
-0.029374
0.039682
0.057052
-0.088731
-0.050886
0.018693
0.210184
0.042247
0.057517
-0.001887
0.269362
0.349104
0.133358
0.041576
0.191662
0.048368
-0.115671
-0.031851
0.300466
-0.094508
-0.173987
-0.105663
-0.012853
0.148479
-0.121883
-0.169062
-0.076778
0.064190
0.115766
0.002655
0.183640
0.072663
-0.001239
-0.115908
0.068698
-0.109670
0.387722
0.429638
-0.069566
-0.267987
-0.139828
0.082373
-0.092566
-0.151991
-0.014436
0.003849
-0.091354
-0.068412
-0.064581
-0.134210
-0.019347
-0.354218
0.049107
0.185296
-0.291584
-0.294424
0.228930
0.405336
-0.021089
0.216902
-0.127979
-0.109209
0.401026
0.360838
-0.141234
0.058765
-0.492919
-0.156281
-0.154103
-0.357979
-0.179402
-0.011860
-0.076616
-0.193185
-0.339335
-0.083304
-0.185926
-0.122621
0.114380
0.350407
-0.036510
0.102455
-0.165628
-0.055087
0.258814
-0.183970
0.370008
0.010141
-0.058737
-0.077123
-0.205686
0.092029
0.000231
0.021798
0.058287
-0.056830
-0.164774
-0.082462
0.165345
-0.074261
-0.109587
-0.026198
-0.029857
0.110373
-0.104617
-0.011167
-0.041630
-0.067100
-0.324266
-0.051940
-0.134575
-0.107216
-0.048315
-0.162085
-0.115469
-0.054909
-0.717527
0.080190
-0.103397
-0.127105
-0.360010
-0.089701
-0.506458
0.108838
-0.013549
-0.431536
-0.068019
0.037114
-0.111652
-0.007522
-0.078552
-0.102193
-0.026092
-0.184927
0.009336
-0.012033
-0.046159
-0.119825
-0.207363
0.122230
0.107683
0.032215
-0.059445
0.093110
-0.049786
0.001142
0.148842
0.026538
-0.119948
-0.031766
-0.191962
0.082097
-0.049545
0.023023
-0.015775
0.087845
-0.090071
-0.136323
0.107654
-0.111306
0.087805
0.006138
0.015009
-0.163321
-0.037157
-0.104416
-0.095057
-0.093288
-0.128880
0.170539
0.195702
0.007585
0.025315
0.015712
0.146806
0.221284
-0.033762
-0.245308
-0.020916
0.042592
-0.082617
-0.347224
-0.238726
0.160992
-0.336077
-0.049319
-0.006635
0.173266
-0.066833
0.052040
0.022696
-0.173232
-0.093088
0.227590
-0.076097
0.163274
0.240117
-0.042111
0.059725
-0.169473
0.144169
-0.213726
0.239470
-0.153457
0.220411
0.388918
0.088118
-0.390832
-0.066976
0.124847
0.018988
-0.032328
0.022701
-0.252373
-0.061760
0.031311
-0.137018
0.023797
-0.083889
-0.024862
0.037504
0.058438
-0.016087
0.019818
-0.045689
-0.051364
-0.181683
-0.008292
-0.258289
-0.116827
0.029324
0.353207
0.019146
0.008777
-0.022740
0.000238
0.018827
-0.495864
-0.110897
-0.010846
-0.130652
-0.080036
0.078918
-0.131004
0.003898
-0.077065
-0.008150
-0.277753
0.115051
0.465053
0.079600
-0.051179
0.034498
-0.041643
0.048066
0.110184
0.190936
0.104565
0.102914
-0.001677
-0.175722
0.287290
-0.114928
-0.139739
-0.154895
-0.004942
0.135472
0.071616
0.143915
0.009452
-0.073036
-0.064061
-0.162110
-0.067946
0.168116
-0.161546
0.106752
0.105984
0.103432
0.059927
0.084825
0.000040
-0.070017
0.225070
-0.248092
0.051810
-0.182130
-0.120420
-0.117016
-0.004238
0.182683
-0.052117
-0.369968
-0.081438
-0.124341
-0.028499
-0.017172
-0.030685
0.139906
0.093283
-0.577568
-0.117563
-0.355860
-0.211193
-0.278698
0.053562
0.158560
-0.018601
0.263324
0.064661
-0.108790
0.020258
-0.090957
0.088636
-0.215179
-0.002082
-0.026624
-0.106784
-0.069400
-0.087061
0.023763
0.179514
0.040107
-0.102419
-0.124263
0.155528
0.219280
0.284210
0.192728
-0.057764
-0.096770
0.199103
0.185857
0.036093
-0.016781
0.129715
-0.060429
0.119139
-0.077006
-0.151144
0.129160
-0.064287
-0.165051
-0.038204
0.162488
-0.042699
-0.051531
-0.216108
-0.063609
-0.004871
-0.091626
-0.022114
-0.253646
0.063256
-0.086401
-0.024427
-0.030153
-0.024603
-0.068243
-0.035656
-0.040360
0.053960
0.025277
-0.605762
-0.153292
-0.554959
-0.015009
-0.039470
0.014858
0.015819
-0.012856
-0.004622
-0.018032
0.009559
-0.132277
-0.137999
0.060132
-0.024276
0.194400
-0.204335
-0.069160
-0.109373
0.237913
-0.051098
-0.242241
-0.024230
0.097202
0.035076
-0.068905
-1.273266
-0.218296
0.032176
-0.076016
-0.212001
-0.169279
-0.009959
0.081073
-0.136551
-0.060181
0.085583
0.136261
0.057696
-0.220308
0.217369
-0.020659
0.055403
-0.118524
-0.052168
0.075237
0.141954
0.012534
-0.063723
-0.074000
0.228510
0.145796
-0.000895
-0.379586
-0.026991
0.079744
-0.086870
0.380427
0.074853
0.228734
0.075484
0.078668
0.015825
0.007026
-0.086668
0.035652
0.027302
0.068902
0.170505
-0.418888
0.008566
-0.000296
-0.042372
0.126651
-0.011369
0.014096
0.176603
0.152770
-0.016921
-0.038433
-0.028428
-0.052508
0.014831
-0.164114
0.125204
0.123129
0.046835
-0.706716
-0.011183
-0.007640
0.186837
-0.114104
0.043024
0.008093
-0.032172
-0.095882
-0.141776
-0.268984
-0.069572
-0.079204
-0.057942
0.187535
0.007320
-0.126186
0.193495
0.654970
-0.975385
-0.387877
0.124479
0.029994
-0.060777
1.417250
-0.803715
0.053586
0.032018
0.035353
-0.186690
0.108593
-0.340717
-0.179338
-0.120923
0.209132
-0.061758
-0.061281
-0.062469
-0.070777
0.259216
0.085670
-0.173055
-0.089498
0.232301
-0.152388
-0.318116
0.028069
0.227996
0.038227
0.357378
0.003724
-0.082869
0.157766
-0.091344
0.277897
0.218437
-0.072700
-0.229599
-0.228640
0.009045
0.010043
0.299262
-0.110333
-0.123134
-0.016247
-0.120262
-0.004991
-0.018354
-0.017723
0.162263
-0.048055
0.040127
-0.046786
0.073900
0.006714
0.084440
0.057265
0.039259
-0.134598
0.105746
-0.091804
-0.310685
-0.257198
-0.236742
-0.141399
-0.059497
-0.503077
0.040593
0.088447
0.029234
0.034647
-0.027742
-0.214006
0.136915
-0.093759
-0.028342
-0.009486
-0.132828
0.055153
0.000244
-0.025389
-0.214727
0.375376
0.034706
0.284114
-0.046196
0.256607
0.024603
-0.058443
-0.098369
0.045204
0.108620
-0.821720
-0.118801
-0.081269
-0.482343
0.059735
-0.101801
-0.075558
0.028706
0.205161
0.410469
-0.082935
-0.345170
0.030147
-0.656961
-0.304602
-0.092833
-0.272821
0.075049
0.080534
-0.134583
0.255417
-0.025590
0.103484
0.129024
0.028447
-0.029850
0.136161
0.013841
0.125251
-0.009455
-0.017365
0.250150
0.720188
0.115348
-0.154543
0.605523
0.107414
-0.574924
-0.076884
-0.161238
-0.011773
0.119802
-0.120906
0.143957
-0.175511
0.038257
-0.756059
0.135375
-0.156669
-0.128271
-0.054941
0.003227
0.021512
-0.019424
0.119481
0.088521
-0.021416
-0.610945
0.156089
0.143483
-0.137157
-0.019959
0.345613
-0.012336
-0.091245
0.088716
-0.268502
0.110334
0.065066
-0.236508
-0.126376
0.471015
0.617290
-0.380454
-0.075184
0.124778
0.110882
0.103228
0.215971
0.184856
-0.247379
-0.179366
0.035284
0.023840
0.094187
-0.055200
-0.151609
0.280130
-0.086554
-0.100034
0.159750
-0.010213
-0.241866
-0.000012
-0.329134
0.001112
0.191943
-0.032380
-0.076516
-0.092138
-0.239263
-0.008271
-0.029106
0.237467
-0.257584
-0.113551
0.207250
-0.006403
0.151599
-0.115296
0.119865
0.006907
0.271406
0.261399
-0.115620
0.063121
0.040056
-0.811264
-0.128792
0.308532
-0.120765
-0.043953
0.122021
0.137769
-0.040502
-0.037450
-0.142407
0.300704
0.026967
-0.089799
-0.152508
-0.246510
0.046648
-0.019607
0.014126
-0.221049
0.111187
-0.007951
0.065524
-0.110701
0.171290
0.083225
-0.137999
0.198994
-0.066828
0.014072
-0.274112
0.127777
-0.042276
-0.028883
-0.076159
-0.215785
-0.134274
-0.225168
0.161238
0.235283
-0.132062
-0.043469
-0.268782
-0.041714
0.116762
0.094577
0.010274
-0.003355
0.157113
0.042930
0.133028
-0.020555
0.017087
-0.015091
-0.052036
0.125458
0.166981
-0.116667
-0.014350
0.091433
-0.227496
-0.159812
0.030102
0.048290
0.077163
0.237208
-0.028662
0.244576
0.111165
-0.178626
0.004895
-0.015985
0.211707
-0.279892
-0.053744
0.054850
-0.124758
-0.058306
0.168269
-0.000863
0.247808
-0.101446
2.071902
0.105627
0.324445
0.123056
-0.008719
0.038190
0.050258
-0.066851
-0.148934
0.103795
0.163274
0.106902
0.116434
0.109535
0.047862
-0.078936
-0.088148
0.073095
-0.012939
0.002999
-0.037634
0.245947
0.040270
0.019643
0.159060
0.192624
0.140983
0.362990
0.310982
-0.019706
-1.345757
-0.119664
0.489407
0.146448
-0.087868
-0.056670
0.077305
0.087930
0.140745
0.063008
0.330941
0.050904
0.193668
0.064069
0.152458
0.050600
0.369314
-0.037534
0.307220
0.080118
0.017888
0.033365
0.066721
0.036364
-0.195574
0.016975
0.136852
-0.067108
0.111755
0.338648
-0.068138
0.151211
0.286700
0.063146
-0.244639
-0.007614
0.267224
0.371525
0.024161
0.176925
0.585695
-0.149745
0.067688
0.021123
0.105261
-0.006547
0.000321
0.067521
-0.050602
-0.025761
-0.021538
0.192439
-0.073181
0.063932
0.162881
0.132349
0.112053
0.034129
-0.189850
0.025181
-0.099522
0.364885
-0.324460
-0.024984
0.131350
-0.051720
0.154011
0.019820
0.049456
-0.093266
0.352586
-0.051265
0.144946
-0.118163
-0.143102
0.010153
0.286275
-0.051927
-0.136921
0.079197
-0.068084
-0.219223
-0.021311
0.053333
-0.006879
0.186895
0.143355
-0.029282
-0.120698
-0.426627
-0.385902
-0.062798
0.025358
0.511240
-0.067121
0.075431
-0.681565
-0.198991
0.426014
0.156997
0.402101
-0.194634
0.030931
-0.040638
-0.267476
-0.083230
-0.098193
-0.072600
-0.279989
-0.744483
-0.308048
-0.164945
0.384108
-0.045954
-0.010059
-0.105275
0.458656
0.404559
0.070432
0.035317
-0.003683
-0.276836
0.003584
-0.017794
-0.085760
0.039249
0.087998
-0.039043
0.085683
0.435125
0.084888
0.143731
0.187763
0.279620
0.380375
0.121270
0.081238
-0.007607
-0.177653
0.072007
0.016167
0.020823
0.065381
-0.038876
-0.115562
-0.090801
0.014722
-0.126627
-0.045474
-0.052996
0.002479
-0.473846
-0.048110
-0.518435
-0.126435
-0.112681
-0.052465
0.017879
-0.014855
-0.074509
-0.014592
0.014491
0.072033
-0.094544
-0.106550
-0.138557
0.004830
-0.023509
0.140301
0.042828
0.002407
-0.096841
-0.174092
0.215562
-0.589398
0.018189
-0.047913
0.013015
-0.060569
0.013688
0.021494
0.037304
0.013161
0.153186
0.126286
-0.099936
-0.032178
0.066337
0.023242
0.065143
0.021383
-0.035856
-0.146060
0.014788
-0.145287
-0.017343
0.186736
0.146171
0.107514
0.111373
0.006176
0.013432
-0.024599
0.108893
0.085074
0.065532
-0.038666
-0.006569
-0.106218
-0.049965
0.061512
-0.019149
0.008495
-0.068546
-0.117097
-0.093416
-0.059514
0.117063
0.168421
0.000532
0.022425
-0.055525
0.000442
-0.061591
0.066326
0.352641
0.054270
-0.342664
0.066599
-0.340088
0.035861
-0.014946
0.051843
0.149535
0.162000
-0.141514
0.069157
-0.207465
-0.052380
-0.022714
-0.149035
-0.298059
0.169951
0.037282
0.050346
-0.079510
0.210819
-0.095933
-0.121446
0.035686
0.043427
0.098178
-0.119364
0.040173
-0.057559
0.074307
0.064374
0.088492
0.012442
-0.133065
-0.115912
-0.019915
0.126433
0.066544
-0.126290
0.212301
-0.027846
-0.076816
-0.133926
-0.407743
0.042573
0.159890
0.099777
-0.068578
-0.022264
0.087530
0.093390
-0.171924
-0.397642
-0.044317
-0.051120
0.167460
-0.117265
-0.022307
-0.208470
0.093355
-0.008109
0.061179
-0.511435
0.014828
0.005819
0.064175
0.015739
-0.053474
0.050323
0.010914
0.110070
0.048968
0.028283
-0.046769
-0.110611
-0.007100
-0.127640
-0.151101
0.086476
-0.214211
0.163770
0.199331
-0.148288
-0.015301
0.211108
0.173488
-0.560030
-0.132774
-0.232090
0.245182
-0.142987
0.397574
0.067145
0.007376
-0.027382
-0.001133
-0.017754
-0.468556
-0.055225
0.099532
0.210783
0.010358
0.131949
0.166398
0.123177
0.051441
-0.678053
-0.383826
-0.051852
-0.120452
0.076543
0.310167
0.159613
-0.006847
0.000535
0.074866
-0.184862
0.003856
0.042397
0.120704
-0.510279
0.226070
0.009211
0.194120
-0.285557
0.175155
0.318105
0.263135
0.310919
-0.030224
0.162796
0.435681
0.122851
0.030528
0.060080
0.055944
-0.050380
-0.016816
0.190876
-0.180005
0.020065
0.076237
0.108722
0.131644
0.061291
0.312268
0.169324
-0.068666
-0.025616
0.058031
-0.213289
0.288798
0.164325
0.298084
-0.045072
0.083520
0.077460
0.333866
-0.087093
0.054181
0.032260
0.067089
0.143635
0.084369
0.079784
0.066121
-0.157411
0.169336
0.180474
0.302114
0.030263
0.062419
0.097746
0.318269
0.133065
-0.135451
-0.010460
0.322279
0.106147
0.049413
-0.007273
-0.190255
-0.223342
0.420692
0.089081
0.060737
-0.039815
0.019162
-0.028689
0.022761
0.152960
-0.076013
-0.031762
0.041017
0.101147
0.196389
-0.051342
0.114925
0.159406
-0.003091
-0.047070
-0.043214
-0.221470
-0.045577
0.246225
0.206956
0.043535
0.027475
0.253672
0.128422
0.052566
0.099978
0.007150
-0.013234
0.234866
0.123147
0.110054
0.175733
0.055810
0.065226
0.041402
0.087323
-0.007078
0.176815
0.144385
-0.125489
0.187182
-0.169969
-0.006619
0.134073
0.042155
0.097547
0.086925
0.097723
0.086973
-0.153115
0.154946
0.008485
0.170139
0.098337
0.095863
0.115060
0.228955
-0.089139
0.101302
0.077710
0.024978
-0.060655
-0.114323
-0.505761
-0.138633
-0.143999
0.409844
0.164872
0.074754
0.123208
0.112196
0.094553
0.097935
0.144096
0.804076
-0.011901
-0.024455
0.044516
0.095195
0.127808
0.204592
0.098802
0.002420
0.074003
-0.103205
0.082398
-0.014764
0.023672
0.037626
0.056389
0.130195
0.123758
0.220568
0.106377
0.216666
0.227810
-0.157682
-0.028049
0.285488
0.352902
-0.304385
0.311218
0.115239
0.113706
0.088828
0.304955
0.227571
-0.099477
0.378638
0.317113
0.286016
-0.199535
0.059686
0.382495
-0.127233
0.061018
0.327281
-0.184660
-0.234789
-0.136687
0.356006
-0.300118
-0.173388
0.269653
0.062918
-0.131583
0.063998
0.266177
0.102816
0.500158
0.153477
0.031620
-0.080064
0.300364
0.240087
-0.060774
0.080888
0.024681
-0.108235
-0.011850
-0.121033
-0.009749
-0.029520
-0.008846
-0.068018
-0.068787
-0.365734
0.010585
-0.153479
-0.073355
-0.077453
-0.074447
-0.126793
0.106796
-0.090048
-0.163323
-0.105794
-0.072872
-0.026343
-0.223539
-0.019646
-0.094168
-0.116443
-0.531376
-0.295619
-0.225273
-0.099226
-0.062908
-0.110643
-0.083660
0.026464
-0.065783
0.465738
0.341523
-0.217730
-0.029933
-0.276072
-0.084349
0.150549
-0.058120
0.060281
-0.024865
-0.089605
-0.059356
0.007892
0.313169
-0.018802
-0.161950
0.061838
0.053909
-0.245533
-0.051845
-0.009951
-0.031636
0.096548
-0.026071
0.258705
-0.126637
-0.119619
-0.104922
-0.087022
-0.185005
0.073625
0.003858
0.069835
-0.001296
-0.044143
-0.075059
-0.199623
1.091612
0.077914
0.054011
-0.017628
-0.186160
-0.151705
-0.087629
-0.077442
0.252682
0.014553
-0.065860
-0.117111
-0.202946
0.011209
-0.034389
0.213407
0.105439
-0.058514
-0.035939
-0.209510
0.206998
-0.060987
-0.119119
0.063391
0.119432
0.152333
-0.211710
0.006408
-0.044249
0.140852
0.006594
0.014539
-0.114827
-0.022193
-0.023761
0.152023
-0.158270
0.160233
-0.095414
-0.069655
-0.001397
0.210444
0.058194
-0.077585
0.049942
-0.109335
-0.037994
-0.112040
-0.013420
-0.109093
0.025000
-0.111470
-0.142852
-0.049231
0.033601
0.075576
0.007221
0.004237
-0.080801
-0.119076
-0.296442
0.272604
-0.095853
-0.008897
0.170431
-0.172683
0.008427
-0.285803
-0.423893
-0.315225
0.175338
-0.059694
0.055279
-0.054716
-0.173216
-0.323494
0.129141
0.044338
0.089722
-0.004848
0.146213
-0.125846
-0.305132
-0.096923
-0.097212
0.040285
-0.131975
-0.215294
-0.173761
0.100930
0.005783
0.082212
0.137258
0.093755
-0.163478
0.398768
-0.288646
0.268380
0.323839
0.099226
-0.027483
0.059212
0.142831
0.043928
-0.397569
0.303980
0.135459
0.056037
-0.196764
0.018468
0.183658
0.169784
0.112841
-0.008527
0.044704
-0.192080
0.081368
0.015839
0.051843
0.011320
0.027571
0.040131
-0.164926
-0.013423
0.001660
0.054467
-0.225347
-0.208371
-0.157465
0.237920
-0.083314
-0.130927
0.168341
0.057144
0.072712
0.562007
0.101509
-0.022613
0.176975
0.062579
0.342712
-0.313834
-0.098305
0.067233
0.090463
-0.256367
0.118644
-0.041199
0.143978
-0.006834
0.036596
0.104521
-0.001599
0.126847
0.215856
-0.171079
-0.023791
-0.072983
-0.002089
-0.384458
-0.029560
0.111087
-0.039016
-0.038932
-0.117993
-0.058477
0.667855
0.202215
-0.041813
-0.045411
0.112034
0.067143
0.022769
0.164721
0.113612
-0.400812
-0.264419
0.105777
0.200663
-0.142860
0.319058
0.145811
0.037681
-0.100024
-0.102876
-0.123556
-0.175654
-0.034898
-0.033245
-0.035937
-0.044511
-0.105609
-0.194246
0.158340
0.002966
-0.017437
0.149408
-0.084193
-0.002653
-0.070106
0.135692
0.285858
0.031216
-0.507995
0.094428
0.286897
0.114662
0.148787
0.290443
-0.008582
-0.027503
0.173059
-0.020860
-0.068971
0.033315
0.281111
-0.012695
0.195605
0.042817
-0.054349
-0.044623
0.000733
0.074364
-0.227930
0.143078
-0.138139
0.034057
0.246170
0.140984
0.161268
0.251719
0.236270
-0.071935
-0.108035
0.423368
-0.162763
0.024097
-0.159030
-0.028459
-0.002704
0.055106
0.038874
0.017179
0.091765
0.017600
-0.012344
0.151500
0.208025
-0.008464
-0.027787
0.013882
-0.116387
0.552677
0.005326
0.248362
0.114099
-0.034855
0.278535
-0.041086
0.139454
-0.014841
0.096366
-0.009945
0.172715
0.286575
-0.279115
-0.076667
0.025297
-0.066124
-0.183057
-0.103980
-0.079342
0.051714
-0.949821
0.034171
-0.183015
-0.053399
-0.054575
-0.026083
-0.098869
0.093275
-0.032856
-0.048332
-0.120587
-0.174979
-0.143659
0.145051
-0.249160
-0.282486
-0.096055
-0.189837
0.102727
-0.300147
-0.188708
-0.121007
0.120539
-0.135670
0.107478
0.276395
0.023807
0.259042
0.393836
0.295427
-0.067186
0.389052
0.463600
0.109620
0.364988
0.035073
0.158228
0.065360
0.110289
-0.115795
-0.027493
0.084435
0.232488
0.476790
0.431117
0.067667
0.028368
0.467048
0.076599
-0.023576
0.099053
0.038582
-0.285491
-0.063212
0.200061
-0.268910
0.032936
-0.437441
-0.022189
0.300902
-0.431726
-0.448231
-0.135168
0.118552
0.092981
-0.255509
0.338500
0.222921
0.034310
0.133879
-0.138625
-0.017019
-0.032414
-0.033352
-0.021883
-0.166336
-0.197562
0.010683
-0.106723
-0.080139
0.001781
-0.122115
-0.043664
-0.015078
-0.227198
-0.079262
0.125686
-0.029195
-0.134866
-0.035583
-0.120009
-0.027844
-0.040695
-0.172230
-0.090838
-0.012465
-0.083251
0.085195
-0.287188
0.027763
-0.025320
-0.030623
0.040167
0.012544
0.083082
-0.287019
-0.094674
0.367767
-0.011713
-0.155583
0.381350
0.017976
-0.106465
0.084628
-0.047961
-0.123062
0.079265
-0.246281
-0.040478
-0.069109
-0.118711
-0.073146
0.046276
-0.082374
-0.161463
-0.019914
0.090329
-0.067442
0.096202
0.044218
0.184760
0.098694
0.093635
-0.010704
0.012092
-0.219080
-0.086683
0.023763
0.188060
-0.002816
-0.182643
0.084271
-0.139516
-0.031604
-0.035504
-0.057340
-0.088468
0.037145
-0.011677
-0.007753
0.023764
0.071577
-0.143460
0.033960
0.086596
0.072115
0.015364
-0.054371
-0.545714
-0.011065
-0.093074
0.081031
0.087231
-0.176204
0.080535
0.101504
-0.064151
-0.299436
-0.066781
-0.101863
0.368558
0.038551
-0.100103
0.165802
-0.080870
-0.223380
-0.000535
-0.023170
-0.023857
0.081656
-0.072965
-0.196159
-0.130185
0.073652
-0.000583
0.292648
0.106258
0.032123
-0.417403
-0.114974
-0.161061
0.091264
-0.080655
-0.024749
-0.441065
-0.131209
-0.013555
0.091611
-0.121435
0.003633
-0.439753
-0.089255
-0.258515
0.188595
-0.012613
0.129111
0.146057
-0.254134
-0.032314
-0.165054
-0.008440
-0.117714
-0.057139
-0.030042
0.008204
0.045420
-0.051351
0.058686
0.339981
0.087601
0.033146
-0.091410
-0.062323
-0.144564
0.089677
-0.128440
0.128809
0.108336
0.400719
0.099999
0.026956
0.038046
0.140358
0.089196
-0.211028
0.071231
0.090501
-0.036522
-0.002726
0.140228
-0.215246
-0.009299
0.301537
0.083044
-0.157071
0.038567
0.009700
0.281475
0.127259
0.014279
-0.020093
0.123225
-0.076520
0.070402
0.064933
0.016694
-0.138302
0.019249
0.148769
-0.182393
0.160469
-0.025955
-0.100554
0.191075
-0.074292
-0.089020
-0.482132
0.058037
0.079143
-0.061849
0.081884
0.179124
0.190070
0.187451
0.022127
0.126906
0.203590
0.129843
0.298744
0.067450
-0.140373
-0.017617
0.194020
0.220248
0.036075
-0.005455
0.004247
0.172105
-0.120713
0.250322
0.013684
-0.010229
-0.026940
-0.271268
-0.162782
-0.076194
-0.081526
0.225655
0.038088
-0.017611
0.074816
0.026102
0.008795
0.053291
0.053148
0.069143
0.135998
-0.081978
-0.113980
0.009274
0.275086
-0.452076
0.046346
-0.103671
-0.047962
0.075251
1.200100
0.190120
0.190232
-0.115921
0.233606
0.185192
0.283139
0.003486
-0.068279
-0.036999
-0.160627
-0.077696
0.229705
-0.017979
-0.009322
0.149198
0.145701
-0.002848
0.073047
0.171677
-0.060845
0.235049
-0.007101
0.160114
-0.043831
0.128359
0.321551
0.522288
0.014196
-0.061122
-0.082832
0.306503
0.004321
0.109464
0.060036
0.101707
0.089788
0.015161
0.246889
0.097584
0.021714
-0.105376
0.063373
0.083687
-0.011361
-0.266078
0.064462
-0.032135
0.033702
0.209782
0.010648
-0.211034
-0.157300
0.160567
0.008370
0.278548
0.050011
0.153320
0.182855
0.219973
0.213494
0.175612
-0.029971
0.047536
0.021849
-0.075408
0.064074
0.059949
0.161260
-0.014702
-0.008866
0.234866
-0.025960
-0.044705
0.049540
0.083603
-0.050220
0.045546
0.034255
-0.036341
0.192622
-0.119635
0.371313
-0.134365
0.232124
0.232631
0.018853
-0.006676
-0.044821
0.024415
-0.030129
-0.045144
-0.105045
0.002964
0.015603
-0.021413
0.023464
-0.033786
0.089380
-0.041520
-0.139149
0.216156
0.148408
0.065699
-0.186534
-0.134054
0.063880
-0.029874
-0.062239
0.020556
-0.016668
-0.007018
-0.188736
-0.046538
0.085199
-0.144321
-0.026590
0.054709
0.013669
0.393661
0.261438
0.036099
0.116591
0.026027
0.274867
0.287877
0.072257
0.064368
0.286000
0.128571
0.268719
0.231330
-0.156774
0.158557
0.050172
0.095227
0.287056
0.045464
0.481884
0.165456
-0.368855
0.075567
0.318144
-0.112120
0.263818
0.212345
0.404425
-0.064837
0.236744
0.333154
0.285358
-0.022134
0.626360
0.073523
-0.078940
0.060244
0.171714
0.024799
-0.170389
-0.116593
-0.067060
-0.105981
-0.099498
0.188634
-0.089869
0.010851
-0.100393
0.049582
-0.062065
-0.193770
0.045400
-0.009231
0.003565
-0.180948
-0.454490
-0.026942
-0.101293
-0.024712
-0.078713
-0.024448
-0.068413
-0.029978
-0.096972
0.022464
-0.080250
0.068502
-0.107718
0.241792
-0.382029
0.160035
-0.196824
-0.059864
-0.227147
-0.380393
0.151932
0.016544
-0.121997
0.182674
0.174006
-0.017992
0.071772
-0.060369
-0.288530
0.118855
-0.160991
0.421858
-0.023284
-0.065576
0.264169
0.029525
-0.042169
-0.031963
-0.273372
-0.124349
-0.039442
0.016308
-0.073835
0.037375
-0.087320
-0.209314
-0.003806
-0.066664
-0.165436
-0.149490
0.010400
0.006247
-0.083752
-0.061079
-0.032745
-0.188010
-0.177500
-0.208599
-0.170821
-0.066933
0.021765
-0.054515
-0.146332
0.054564
0.169181
-0.031906
-0.053191
-0.036915
-0.054052
0.138629
-0.183793
-0.157508
-0.100682
0.144425
-0.041347
-0.011388
0.083598
0.001951
-0.071531
0.291961
0.101048
-0.073389
-0.112795
0.003536
0.042451
-0.091970
-0.135283
0.161425
-0.009700
0.091769
0.009484
-0.107443
-0.066787
0.036836
0.218186
0.037510
0.045943
0.048106
0.022546
-0.042827
-0.091218
0.009288
-0.044045
0.012353
0.072333
-0.075940
0.175289
0.021616
0.026799
-0.046212
-0.295207
-0.229925
-0.051022
-0.071394
0.081195
-0.099163
-0.181011
0.106915
-0.030202
0.074220
-0.479547
0.027408
-0.057452
0.025258
0.167733
0.090254
-0.035187
-0.309228
0.093536
0.043921
0.060774
-0.023837
-0.143337
-0.128107
0.046037
0.008091
0.066713
-0.155052
-0.067092
-0.251692
0.649366
0.215622
0.039546
0.109163
-0.519213
-0.124642
-0.255100
-0.083997
0.077373
0.050149
0.097230
0.186898
-0.013040
0.064124
-0.244455
0.030596
0.185625
-0.350496
-0.091542
0.015055
0.169899
0.246932
0.225667
-0.438130
0.074683
0.015044
1.012937
-0.040117
0.254985
0.033197
0.251667
0.110068
-0.073462
0.019613
-0.044184
0.093820
0.159338
0.002828
-0.137213
-0.011247
0.032167
0.217437
0.162699
-0.007900
-0.182925
-0.043789
0.093567
-0.067676
0.273607
0.090382
-0.202808
0.032776
0.016895
0.000628
0.213389
0.039694
-0.002071
0.499063
0.105710
0.099036
0.056204
-0.010627
-0.030022
-0.331930
-0.544753
0.085056
0.129769
0.487638
-0.012781
0.332250
0.034656
0.045043
0.136022
0.049897
-0.107657
0.148005
0.093248
0.053150
0.081924
-0.138129
0.040872
-0.028049
-0.118592
0.097295
0.093134
0.247036
0.116116
-0.203534
0.263689
0.178952
0.051273
-0.053858
-0.651698
0.237139
0.081841
0.092168
0.164480
0.013864
-0.140382
-0.057499
-0.256931
0.140943
0.145760
0.033175
0.234574
0.107534
-0.024544
0.120283
0.020541
0.028966
0.091683
-0.012425
0.094382
-0.085997
-0.108051
0.177032
0.064144
0.106446
0.050402
0.088587
-0.053002
0.216786
0.143702
0.237590
0.044871
0.065157
-0.156251
0.098278
0.114344
0.398167
0.203226
0.327385
-0.038910
0.003127
-0.112125
0.102639
0.004603
0.018547
0.003108
-0.101028
0.262528
0.427506
0.315493
0.073753
0.144576
0.331137
0.065786
0.173647
0.023375
-0.098162
0.073007
-0.468343
0.011946
0.052634
-0.080917
-0.035324
-0.032989
0.064440
0.037507
0.034475
-0.004222
-0.360409
-0.032790
0.104079
-0.044284
-0.015354
0.180457
-0.238485
-0.035400
0.333758
0.069909
0.164866
-0.074631
-0.164043
0.040106
-0.091456
0.190260
-0.254635
-0.011077
-0.091998
0.053495
0.012758
-0.177666
-0.191030
0.080110
-0.103265
0.075879
0.005805
-0.005888
-0.129995
0.235443
-0.162616
0.236436
0.010810
-0.116323
0.090321
-0.118882
-0.011295
-0.042070
0.068585
-0.162424
-0.200551
-0.114144
-0.142638
0.004286
-0.087902
-0.104783
-0.080888
-0.244052
-0.162710
-0.222524
-0.131666
-0.255248
-0.372712
0.063267
-0.036362
-0.029007
-0.059909
0.070070
0.087177
0.374711
0.198177
0.533645
-0.164186
-0.140177
0.275120
0.201865
0.323211
0.072551
0.101847
-0.113475
0.021642
0.307785
0.304303
-0.108575
0.076130
-0.053644
-0.010297
0.405689
0.349836
0.014090
0.069359
0.029752
-0.133073
0.045255
-0.018881
-0.155782
0.009655
0.032700
0.020927
-0.186160
-0.429145
0.014691
-0.016724
-0.114117
-0.041433
-0.318429
-0.278890
-0.224025
0.024304
-0.059676
0.079433
-0.227294
-0.453186
0.013825
-0.060153
-0.094615
-0.041405
-0.056992
-0.085469
-0.043948
-0.000674
0.065141
0.079566
0.033099
0.069294
0.146442
0.069765
0.076248
0.185499
-0.023342
0.162653
-0.060788
0.057056
-0.127648
-0.103297
-0.093260
-0.168123
-0.845710
-0.257284
0.024936
-0.069728
0.050535
-0.235546
-0.184362
-0.047499
0.046077
0.105494
0.026721
-0.295060
-0.007995
-0.320912
0.316428
0.121402
0.036084
-0.021492
-0.155597
0.040266
-0.195978
0.065951
0.389183
-0.050449
0.020831
-0.001746
0.468786
0.087542
0.121972
0.120605
0.145906
0.036684
0.064311
-0.126879
-0.041440
0.043771
0.032813
-0.131223
0.321472
0.333663
0.011570
-0.186024
-0.007376
-0.018770
-0.216279
-0.103162
-0.021768
0.054393
-0.060493
-0.034729
0.083705
-0.028062
-0.114049
-0.104761
-0.117427
-0.089689
0.075417
0.109053
0.021386
0.019769
0.309434
0.210365
0.121578
0.034589
0.018399
-0.028403
-0.031318
-0.037919
-0.013121
0.041988
0.147884
-0.066950
0.060875
0.104879
0.218792
0.068543
0.009075
-0.067902
-0.118378
0.017336
-0.062944
-0.423034
0.115509
-0.004077
0.127990
-0.036952
0.029072
0.152420
-0.085056
-0.099994
0.055936
0.132383
0.016139
-0.030583
-0.399600
-0.369428
-0.048655
-0.282668
-0.227345
0.193655
-0.059823
-0.082432
0.790572
-0.041291
0.093007
-0.089454
-0.137751
0.031607
0.051119
0.014524
-0.452717
-0.181359
0.323681
0.081094
0.132646
0.210070
-0.294648
0.060576
-0.269270
0.008050
0.014649
0.083530
-0.254314
0.037418
0.063938
0.092453
-0.125042
0.023168
-0.028345
0.226848
0.026947
0.112690
0.094814
0.287923
0.008194
0.246732
-0.036691
0.102186
0.185505
-0.187802
0.038247
-0.014948
-0.238792
0.041809
0.252803
0.153261
0.162011
0.000010
0.023761
-0.150328
-0.426193
-0.167240
0.115563
0.019212
-0.133011
0.008685
0.417559
-0.239211
0.174272
0.042424
0.191627
0.138688
0.225055
0.044212
0.037331
0.014894
0.108790
0.221408
-0.003935
-0.148163
-0.221074
-0.057906
0.055496
0.106222
-0.122310
-0.006494
-0.078134
0.135666
-0.117795
0.158412
0.024337
-0.081607
-0.877732
-0.104550
-0.112060
-0.048992
0.000186
0.038578
0.037040
0.113927
-0.036586
-0.607049
-0.061845
0.234293
-0.109531
-0.116122
0.016345
-0.163662
0.039087
0.210190
-0.035537
0.018023
-0.607272
0.164853
-0.052340
-0.114472
0.046494
-0.091411
0.015565
0.126213
0.121905
-0.133958
0.010915
0.096505
0.006923
0.166845
0.104464
0.148470
0.269653
0.159865
0.060314
0.063398
-0.263212
-0.036955
-0.022561
0.051723
0.058040
0.109358
-0.013894
0.276874
0.346159
0.074327
0.145629
-0.001812
0.014898
0.088664
0.196293
0.076920
0.117523
0.288267
0.384161
0.076509
-0.105708
0.379368
0.275541
-0.076443
-0.082031
0.167152
-0.438775
-0.010748
0.552623
0.139401
0.000643
-0.019823
0.219171
-0.128592
-0.031843
0.035551
0.167937
-0.018300
0.192623
-0.253177
0.134879
0.123639
-0.858038
0.115865
0.291917
-0.017224
0.275487
-0.035464
0.350289
-0.040941
0.127283
0.116702
0.185610
0.125376
0.223689
0.299558
-0.114914
0.104743
-0.083294
0.110795
0.129322
0.028831
0.091217
-0.164324
-0.096640
-0.032566
-0.068999
0.031344
-0.024061
-0.002593
-0.111574
-0.004004
-0.068105
0.365860
0.423168
0.078063
0.083210
0.230171
0.125043
0.139892
-0.099488
0.019117
0.022387
0.251993
-0.131612
0.092194
-0.172538
0.080386
-0.038901
0.085153
0.103263
0.480600
0.081413
0.099513
0.174733
0.048656
0.329390
0.081824
0.007132
0.069230
-0.064193
0.111879
0.020358
0.222833
-0.163843
-0.147727
0.073917
-0.106928
-0.273871
-0.037603
-0.061053
-0.348841
-0.014836
0.030045
-0.308675
-0.009549
-0.009847
0.240387
0.152323
0.114710
0.121925
0.140871
-0.195326
-0.046052
0.022868
-0.157791
-0.396206
-0.117616
-0.287232
0.059176
0.133381
-0.109486
-0.119462
-0.060940
-0.152865
0.314949
-0.004433
0.139755
0.118083
0.013739
-0.003615
0.263178
0.212502
0.150275
-0.206665
-0.055463
0.474598
0.352914
0.344517
0.058692
0.044603
0.227153
0.042799
0.098533
0.361011
0.133967
-0.175876
-0.117934
-0.116674
0.307444
0.333662
0.128462
0.415475
0.042408
0.024042
0.253493
0.525354
-0.037852
0.542444
0.334784
-0.027348
0.030152
-0.000100
-0.010127
0.094614
-0.117291
-0.053095
-0.036914
-0.421340
-0.130308
-0.126815
0.073328
-0.492490
-0.076081
-0.199536
-0.068965
-0.200919
0.136587
-0.040361
0.141801
-0.282653
-0.125218
-0.427316
-0.048306
0.064904
-0.014817
0.032912
0.060696
-0.610723
-0.290762
-0.009447
0.059423
-0.145791
0.012012
-0.088370
0.313897
0.088303
0.098607
-0.152811
0.163973
-0.274037
0.118608
0.012451
0.253081
0.417481
0.046929
0.053725
-0.057394
-0.430804
-0.111687
0.015361
-0.032825
0.001000
0.094525
-0.047792
0.003523
-0.700585
-0.131118
-0.152369
-0.028312
-0.142784
0.074207
0.264373
-0.027677
-0.047998
0.217920
-0.120388
-0.111909
-0.000576
-0.129096
0.093874
0.325694
-0.064190
-0.115597
0.021318
0.077811
0.016031
-0.096506
0.024042
-0.176815
-0.208275
-0.031496
-0.066569
-0.068802
-0.308492
0.064750
-0.031297
-0.086905
0.191660
0.203871
0.216018
0.414174
0.003853
0.062786
-0.032148
0.062072
0.109134
-0.024077
0.277659
0.437992
0.034880
-0.019709
0.049207
-0.036462
0.099037
-0.123609
0.454600
0.471587
0.072170
0.176419
0.044939
-0.040104
0.364578
-0.416747
0.084564
0.090572
0.195149
-0.034257
-0.159089
-0.130865
-0.076452
0.111798
0.082461
0.330941
-0.200652
-0.012702
0.072996
-0.017374
0.001583
-0.095448
-0.066434
0.246231
0.146585
-0.044478
0.011049
-0.092145
0.123763
-0.231568
0.006807
-0.046400
-0.230680
0.172251
0.359201
-0.021280
0.005645
-0.109861
0.303068
-0.226212
0.088589
0.102900
-0.119070
-0.058538
0.019717
0.018440
0.022770
-0.016962
-0.085307
0.045423
-0.090858
-0.060190
0.159929
0.080387
-0.227578
-0.154668
0.191269
0.076514
0.165610
-0.581921
0.060621
-0.024763
0.021429
0.003625
-0.015810
-0.002359
0.161312
-0.201259
0.107045
0.092264
0.012621
0.066037
-0.334228
-0.360357
0.104567
-0.037194
-0.353693
-0.064208
0.231456
0.078149
0.084605
0.351678
0.131793
0.323659
0.031886
0.521572
0.019685
0.367170
0.021039
-0.054634
-0.674523
0.340940
-0.053287
-0.245415
-0.386286
-0.030010
0.014664
-0.112196
-0.202732
-0.015053
-0.455291
-0.141274
-0.108256
0.072866
-0.036098
0.062070
-0.194352
0.136388
0.025775
-0.102658
0.263253
-0.573020
0.088301
-0.228414
0.272363
-0.091967
-0.006748
-0.027094
-0.066041
0.153183
0.281344
0.080109
0.065434
-0.106867
-0.005547
-0.029612
0.078601
0.063808
-0.028079
-0.205162
0.034064
-0.017376
0.102410
0.083596
-0.068995
-0.020542
0.174252
0.034512
-0.019926
-0.068549
-0.001281
-0.192500
-0.365240
-0.025150
0.241969
0.075891
-0.098733
-0.033981
-0.024162
0.080630
0.084096
-0.058289
-0.062664
-0.032176
0.096641
-0.021794
0.230534
-0.166038
0.198269
-0.026870
0.201750
-0.264291
0.024764
0.064347
0.034040
-0.006311
0.300374
0.052388
-0.093740
0.508291
0.111750
0.024319
-0.014787
0.078036
-0.074075
0.180507
0.125973
0.103361
0.097352
-0.026557
-0.086147
0.094617
0.067568
0.029200
-0.122801
-0.116794
0.146928
0.066515
0.014091
0.086335
0.063036
0.111006
-0.125875
-0.112451
0.099401
0.142541
0.438595
0.068288
0.033920
-0.006071
0.339228
0.358044
0.078494
-0.179777
-0.006512
0.129579
0.210047
0.111270
0.133169
0.059976
0.149726
0.051688
-0.011460
-0.065810
-0.072241
-0.054901
-0.011161
-0.088915
0.004665
0.045521
-0.012642
-0.043521
-0.086595
0.136979
-0.012730
-0.007758
0.147806
0.147002
0.032152
0.157984
0.103334
-0.102570
-0.276891
0.247254
0.054103
-0.129437
0.017913
-0.158422
0.097831
-0.009542
-0.026884
0.029039
0.199131
0.258713
0.216812
0.003533
0.159007
0.019086
0.030319
0.323379
-0.043885
0.021434
-0.126612
-0.059387
-0.067961
0.118209
0.009596
-0.196315
-0.458865
-0.470265
0.317468
0.038965
0.039375
0.197806
-0.256123
-0.034477
0.090495
0.150290
0.440694
0.039920
0.242233
0.347725
0.028166
0.053702
-0.010152
-0.713696
0.111121
0.027337
0.253307
0.486046
0.138419
-0.008181
-0.069441
0.199690
0.512249
0.125193
0.321541
0.237191
0.155121
0.154729
-0.060565
0.093520
0.066081
-0.376724
-0.107936
-0.034084
-0.029629
0.155261
-0.047893
0.435414
-0.178763
-0.048398
-0.187411
0.465069
0.263337
-0.010871
-0.013491
-0.006883
0.005593
-0.014298
-0.024464
0.040596
-0.592442
-0.063674
-0.055186
-0.101055
0.037136
0.016361
0.011037
-0.085068
-0.158613
-0.000127
0.065098
-0.057828
-0.067957
-0.229100
-0.724370
-0.151985
-0.042807
0.002247
0.003744
-0.228742
-0.181894
-0.018095
-0.109928
-0.506660
-0.053247
-0.166418
-0.259425
0.077678
0.070509
0.003620
-0.201059
-0.070803
-0.204075
-0.058934
0.097036
-0.201352
-0.056496
-0.198513
-0.056533
-0.057517
-0.039314
-0.151488
-0.077753
0.112814
-0.237698
-0.093262
-0.041087
0.026250
-0.408445
-0.222688
-0.098570
0.063070
0.028761
0.003262
-0.001054
0.357275
0.013015
-0.243495
-0.192594
-0.372266
-0.015177
-0.002462
-0.308753
0.140036
0.168660
-0.092744
-0.024454
-0.046437
-0.149366
0.274199
-0.159463
-0.024651
-0.079247
0.193050
0.034962
0.427370
-0.070466
-0.085597
-0.276164
0.035001
-0.068890
-0.060226
0.086552
0.012350
0.166565
0.061708
-0.101483
-0.005614
-0.036597
-0.173635
-0.040159
-0.024636
-0.134191
-0.185200
-0.265784
0.159442
0.103914
-0.135933
0.030249
0.029332
0.076724
-0.568616
-0.020276
-0.106013
0.235523
0.097918
-0.586067
-0.033538
-0.001058
0.016706
0.113199
-0.094733
-0.039339
0.013569
0.028547
-0.234522
-0.059255
0.026656
0.120698
-0.192887
0.176732
0.074100
-0.133825
-0.139537
-0.158873
0.148464
0.112459
-0.157170
0.051453
-0.004495
0.074174
-0.634307
-0.101912
0.046744
-0.057767
0.036066
0.091748
-0.054784
-0.044688
0.009654
0.031183
-0.270055
-0.008263
0.101960
-0.031279
-0.016604
-0.154818
-0.398399
-0.085714
0.258566
-0.028744
0.330462
0.010840
-0.014818
-0.016289
-0.199652
-0.003573
0.004964
-0.253636
0.041519
0.068392
0.171586
0.037125
0.151332
-0.347653
0.027688
0.026444
-0.310221
-0.050059
-0.201948
0.059977
-0.003742
0.326858
0.033312
-0.032734
-0.089794
0.088077
-0.045404
-0.145923
-0.078265
0.154718
-0.072124
-0.026978
-0.011413
0.002764
0.028463
-0.225609
-0.130223
-0.113386
0.133263
0.514976
0.023553
0.053510
0.166946
-0.007502
-0.063779
0.138061
0.105823
0.043301
-0.181566
0.198106
0.267138
-0.074920
-0.148680
-0.160476
0.216170
-0.116403
-0.210263
-0.069275
-0.078695
-0.215791
0.222368
0.125589
0.236436
-0.072162
-0.053985
-0.127547
-0.051849
-0.143058
0.031330
-0.075790
0.002434
-0.043968
0.095063
0.038808
-0.020204
-0.021248
-0.008091
-0.088620
0.099119
-0.058951
0.023913
0.092886
-0.085886
-0.308863
0.047895
-0.077361
-0.096924
0.124120
0.061618
0.059002
-0.006550
0.068592
0.084667
-0.059198
-0.385253
-0.057150
-0.140797
0.113535
0.041887
0.129333
-0.306131
-0.062156
-0.252194
-0.009349
0.140452
0.161746
0.195757
-0.088785
-0.088762
0.058391
0.186409
0.091932
0.115833
0.420583
0.178021
-0.107314
-0.174407
-0.119901
0.199082
-0.165682
-0.131998
-0.075796
0.099154
0.027736
0.132174
0.102523
0.254094
0.042924
0.119737
-0.062022
0.132118
-0.055376
0.127621
0.216318
-0.096195
0.208195
-0.013271
0.090810
-0.135013
0.125781
0.037669
0.103896
0.223906
0.054204
0.366950
0.042921
-0.045703
-0.225610
-0.082808
0.170228
-0.196740
-0.802802
0.210293
-0.016608
-0.023601
-0.096759
-0.030824
0.274234
-0.078430
0.409580
0.230488
0.030522
-0.079781
0.066884
0.070458
-0.067392
0.018512
-0.519320
-0.113799
-0.118837
0.147663
0.056007
0.066043
0.016509
0.020231
0.477066
0.252879
-0.045928
0.062681
-0.051011
0.235352
0.128134
0.066483
0.264093
0.009549
0.042184
0.017984
-0.046539
-0.135314
0.062088
0.115295
0.046987
-0.192426
0.082450
0.063151
-0.054968
-0.037650
0.077648
-0.162993
-0.054689
-0.157320
-0.115626
-0.171810
-0.014788
-0.373197
0.033324
-0.276904
0.113512
-0.006711
0.745517
-0.911127
-0.303174
0.410633
0.047620
-0.241133
0.693843
-0.230388
-0.056047
-0.968360
0.091582
0.138091
-0.012202
-0.269829
-0.082987
-0.081211
0.155831
0.081317
0.010953
-0.017207
0.050910
0.217990
-0.207226
-0.085386
0.021994
-0.038746
-0.006005
-0.228730
-0.114919
-0.051647
0.066124
0.108356
-0.223473
-0.216137
-0.052816
0.160958
0.233553
-0.164937
-0.161159
-0.310711
0.065018
-0.096997
0.027698
-0.021657
0.493264
0.044524
0.037427
-0.125108
-0.055182
-0.031019
0.008393
-0.094369
0.142843
-0.089639
-0.308703
-0.189048
-0.357441
0.107813
-0.047836
-0.126610
-0.253676
0.000307
-0.029773
0.104266
-0.024028
-0.101435
-0.145580
-0.011356
-0.154531
-0.136732
-0.222576
-0.068367
-0.110911
0.124444
-0.098899
0.056833
-0.043722
0.041894
-0.176730
-0.050113
-0.014092
-0.092624
0.133389
-0.798677
-0.101492
0.190981
-0.133737
0.044522
-0.089474
-0.299536
-0.006762
-0.057182
-0.083792
-0.141522
-0.249333
0.031421
0.099770
-0.030335
-0.096552
-0.054719
0.046012
-0.036855
0.036840
-0.100226
-0.044503
0.156412
-0.042267
-0.022006
0.078381
0.051106
-0.041901
-0.423586
-0.067026
-0.110356
-0.116810
0.032380
-0.139496
-0.037444
-0.036935
-0.041175
0.090567
-0.059776
-0.004732
-0.077101
-0.028617
-0.120992
0.344342
-0.012810
0.158417
-0.046141
0.072672
-0.018423
-0.001069
0.160115
0.098408
-0.109312
0.336752
-0.066152
-0.054914
0.000313
-0.215798
0.117684
-0.022412
-0.050177
0.060183
0.031747
0.024455
-0.206620
0.142362
0.037534
-0.024274
-0.129541
0.123069
-0.070086
0.023848
0.002301
-0.004319
-0.018081
0.072284
0.022746
-0.038160
-0.116885
0.244253
-0.065462
-0.145209
-0.079746
-0.142216
0.214586
-0.168075
-0.528354
0.205446
-0.055901
-0.010941
-0.010257
0.113719
-0.010137
-0.084784
-0.140456
-0.090216
0.023429
-0.011848
-0.065029
-0.036674
-0.173207
-0.086461
0.191213
-0.260521
-0.302519
0.121843
0.090625
0.024226
-0.054917
-0.073969
-0.074320
-0.076824
0.225391
0.076123
-0.144637
-0.047869
-0.005573
-0.026884
0.143970
0.046225
-0.087310
0.091585
-0.068429
-0.011512
-0.072198
-0.086360
-0.267203
-0.009709
0.030713
-0.076796
0.100718
-0.092156
-0.007165
-0.374542
-0.078033
0.038136
-0.304912
-0.420654
0.042277
0.015546
-0.146105
-0.011576
-0.010184
-0.176464
-0.099041
-0.180467
0.037106
-0.144060
-0.305547
0.130350
0.185267
0.148031
0.091642
0.128975
0.067529
-0.044344
0.089116
-0.181658
-0.060001
-0.123356
-0.041094
-0.086455
-0.063835
-0.295063
-0.004668
-0.028191
-0.162845
-0.193876
0.003589
-0.006924
-0.095013
-0.061563
-0.014704
-0.100429
-0.122128
-0.029850
-0.042742
-0.191643
0.065847
-0.083866
-0.577409
-0.093889
-0.131164
-0.026292
-0.054271
-0.055645
-0.331973
-0.037121
-0.077775
-0.026418
-0.031568
-0.070388
-0.039886
-0.138250
0.087150
0.020626
0.004481
0.058210
-0.347677
-0.099451
0.166327
-0.100847
0.075085
0.255810
-0.135273
0.006181
-0.138512
0.184211
-0.168822
-0.038273
0.282918
-0.001715
0.021899
-0.081284
-0.101312
-0.018496
0.138686
0.060373
-0.191274
-0.044139
0.007277
-0.036965
-0.150735
0.203275
0.224716
-0.056449
0.009444
-0.341756
0.021089
-0.039395
-0.008694
0.159575
0.107030
-0.041917
0.015141
-0.085299
0.346242
0.223439
0.006469
-0.053652
0.167130
-0.072084
0.015480
-0.150231
0.102371
-0.039060
0.075045
0.108532
0.461018
0.062074
0.165512
0.100714
0.099183
0.012086
0.174409
-0.154037
0.142652
-0.032645
0.323402
0.184103
-0.047771
-0.024101
0.125504
-0.081114
0.482064
-0.249676
0.301440
0.060179
-0.906956
-0.066025
0.036441
0.160128
0.008992
0.173786
-0.028177
0.028705
-0.005925
0.040895
0.153603
0.076563
-0.021198
0.163553
0.280254
0.100078
0.057418
-0.117278
0.061331
-0.473142
-0.043906
0.059886
-0.035566
0.082216
-0.079560
0.102046
0.162287
-0.031703
0.091609
-0.043661
-0.251670
0.156034
0.181105
-0.091052
-0.034285
-0.012118
0.723588
-0.005610
-0.077952
0.046765
-0.043546
-0.135359
0.027473
0.116394
0.049903
-0.041127
-0.049459
0.078953
0.066417
0.361612
-0.021645
0.106773
0.064582
0.152222
0.220217
-0.124548
0.042072
0.198954
0.409807
-0.045925
0.051558
-0.454408
-0.097433
0.245216
0.373407
-0.245460
0.028726
-0.085416
0.303663
0.082853
0.430256
0.348135
0.042657
0.096378
0.050897
0.072900
-0.362301
-0.107205
-0.450707
-0.064982
0.515238
0.052299
0.274703
0.018503
-0.096108
-0.048821
-0.007735
0.399665
0.328088
0.188823
0.111974
0.325251
0.125161
0.090128
-0.052925
-0.093969
-0.134945
-0.048122
-0.129896
0.385597
0.022524
-0.056651
-0.748230
0.119768
-0.056911
-0.158982
0.012662
0.241136
-0.008264
-0.088865
0.136598
0.120130
0.024190
0.069987
-0.093456
-0.207264
-0.836990
-0.220804
-0.064443
-0.031307
-0.032114
-0.125620
-0.947731
-0.325012
0.018401
-0.199015
-0.082386
-0.280936
-0.233613
-0.114173
-0.038546
-0.108694
-0.275293
0.285706
-0.076920
-0.035795
-0.199697
0.066903
0.114789
0.000797
-0.047559
-0.076106
-0.063823
0.181226
-0.211477
-0.103256
-0.000414
0.116486
0.153573
-0.003497
0.044699
-0.008774
0.421024
0.029890
-0.100764
0.099832
0.057771
0.025222
-0.020396
0.058461
-0.110350
0.010831
-0.237149
-0.193536
0.263362
-0.157672
-0.053094
-0.072925
-0.024708
-0.072851
-0.188492
0.065355
-0.019222
-0.028340
-0.023820
-0.037714
0.411120
0.233605
0.136651
0.007097
0.010693
-0.370087
0.153065
-0.035932
-0.030457
0.214239
-0.100203
-0.050649
-0.901746
0.016823
0.134736
0.036209
0.051584
-0.050302
-0.757751
-0.042951
-0.075257
-0.054322
-0.042869
0.136820
0.008526
0.078441
0.123992
0.154983
-0.135481
-0.106979
-0.124664
0.106439
-0.013334
-0.539931
-0.140435
0.004813
-0.050948
0.164916
0.052221
0.290044
-0.069189
0.067172
-0.027828
0.112986
-0.077203
0.528427
-0.025634
-0.258999
-0.061114
-0.013840
0.182438
-0.095016
-0.031627
-0.066660
0.155476
-0.055390
-0.024394
-0.084463
-0.163855
0.168010
-0.090638
-0.175454
0.237715
-0.284604
-0.156826
-0.255345
0.114166
-0.035470
0.003799
0.052390
0.234342
-0.355946
-0.020224
-0.035531
0.132347
-0.010457
-0.207640
-0.030536
-0.038454
-0.063699
0.103769
0.068772
0.110229
-0.201491
0.152419
0.000997
0.003394
0.385070
-0.118388
-0.027680
0.209232
-0.002863
0.036331
0.022311
0.103606
-0.205957
-0.003227
0.041182
-0.093903
-0.051213
0.282249
-0.116369
0.028313
0.003584
-0.446225
0.132273
-0.034227
0.216135
-0.073264
0.040850
0.060669
0.065244
0.043313
0.034509
-0.133834
0.064254
-0.073507
-0.207529
-0.168764
-0.103781
0.222551
0.112204
0.166513
-0.088968
-0.326869
-0.062450
-0.033978
0.091980
0.056219
0.039062
-0.037911
-0.063400
-0.024354
0.096473
-0.065637
0.127883
0.114318
0.061892
0.248402
-0.030919
-0.038692
-0.083404
-0.126220
-0.085603
0.013888
-0.063248
0.033288
0.050392
-0.257456
-0.054776
0.100846
0.155092
0.011559
-0.014701
0.006894
0.072707
-0.152515
0.143300
-0.058204
0.024700
0.148828
0.216097
0.101291
0.093834
-0.138715
-0.369462
0.088503
0.089460
-0.462326
0.145523
-0.016847
0.370800
0.237175
0.245370
-0.029421
-0.021581
0.056455
0.118149
0.044961
0.074735
0.033271
0.022008
0.033979
0.229490
0.335369
0.005154
0.092399
-0.003562
0.183308
-0.738810
0.389871
-0.063560
0.181476
0.066193
-0.037691
0.068056
-0.098132
0.114680
-0.109210
0.204414
-0.009345
0.226764
0.094645
0.141303
-0.120157
0.045230
0.159102
0.018272
-0.210028
0.003203
0.228061
0.083796
0.114268
-0.000952
-0.053432
0.007361
-0.037871
-0.149346
0.046212
0.071454
0.081092
-0.100637
-0.260631
0.048963
0.119110
0.009812
0.053615
-0.160631
0.148706
0.084703
0.036747
0.124591
0.466420
0.375017
0.237804
0.239763
-0.013855
0.095460
-0.073863
0.030994
-0.017191
-0.057734
0.285575
0.372996
0.041853
0.481806
0.010280
0.343345
-0.017062
0.437009
-0.036986
0.007803
0.015369
0.380546
-0.037341
-0.035352
0.156462
0.231124
0.110054
0.095326
-0.147995
0.010518
0.029468
0.011438
0.391493
0.038007
-0.160558
0.034044
0.097298
0.061585
-0.013423
0.038409
0.402723
0.357492
0.144788
0.109604
-0.110220
0.140149
0.110540
0.089407
0.380061
-0.092674
0.173782
-0.007895
-0.054739
0.005249
0.210382
0.178785
0.101030
0.045436
0.130532
-0.230759
-0.054580
0.074966
0.050531
-0.232540
0.246086
0.068331
-0.036886
0.365283
-0.122161
0.236334
0.116985
-0.078439
0.125965
0.119513
0.279777
-0.119739
-0.099657
-0.586514
0.035137
0.173864
0.506564
0.371912
0.487795
-0.428076
0.101186
0.004442
0.098995
-0.045587
0.032077
0.322662
0.257769
0.280253
0.251607
0.080183
-0.029946
0.166292
-0.237651
0.179608
-0.195522
-0.398184
-0.068864
0.146658
-0.184053
-0.016682
0.091384
-0.270154
-0.173359
-0.085439
0.207088
0.291289
0.073133
0.037027
0.058738
-0.214637
0.020029
-0.189617
0.003318
0.002778
-0.386957
-0.278093
-0.075062
0.086803
-0.212887
-0.054785
-0.150410
-0.114365
0.143804
0.018944
-0.107574
-0.157182
-0.045832
-0.145706
-0.173137
-0.178967
-0.118677
0.001725
0.006614
-0.595532
-0.404081
-0.093711
-0.187083
0.323393
-0.042344
-0.096838
-0.556120
-0.070226
-0.055587
-0.042322
-0.046781
-0.373337
-0.250736
0.150345
-0.141618
0.025760
-0.134770
-0.112228
-0.414556
0.016745
-0.046585
-0.121928
0.113940
-0.009988
0.022708
-0.122858
-0.087219
0.024280
-0.091178
-0.177734
-0.073366
0.018172
-0.020421
-0.542883
-0.056273
0.041136
0.031274
-0.001470
-0.257138
0.057426
-0.039517
-0.065185
0.093185
-0.085983
0.281349
-0.050848
0.145740
-0.075779
0.077354
-0.036222
0.050011
-0.080788
0.216919
0.138470
0.302747
-0.018975
-0.013716
-0.077680
-0.021472
-0.143978
-0.228670
0.142195
-0.113849
0.149010
-0.154769
0.264091
-0.098793
0.044297
-0.129974
0.030446
-0.100235
-0.000542
0.173007
-0.062277
-0.035072
-0.020249
0.160159
-0.116548
0.109254
-0.213167
-0.130003
-0.111401
-0.052636
-0.018593
-0.142125
-0.110091
0.087404
0.058470
0.205824
0.048819
-0.175627
0.065557
-0.301742
0.220977
-0.094958
0.232928
-0.270960
0.138197
0.094636
-0.229205
0.084572
-0.008446
0.165829
-0.406749
-0.248232
-0.113441
-0.221266
0.086265
0.042288
-0.220143
0.026692
0.061256
-0.066284
0.175194
-0.118818
-0.005131
0.234684
-0.032287
0.023884
-0.018711
-0.448242
-0.122136
-0.099076
0.008354
-0.061366
0.020585
0.142570
-0.128939
-0.030305
0.154873
0.151051
0.034064
0.196936
0.010550
0.095512
-0.063603
-0.044449
0.012739
-0.082849
-0.117843
-0.230921
-0.090408
-0.091673
-0.150488
0.041865
0.117918
-0.045450
0.197015
-0.130437
0.098114
-0.290738
-0.155159
-0.196056
0.077705
-0.209500
-0.211130
0.162967
-0.036783
0.097615
-0.091945
-0.053721
-0.146427
0.086071
0.110086
0.001817
-0.013989
-0.147076
-0.107773
-0.239781
-0.376061
0.023081
-0.098500
-0.071942
-0.011886
-0.040669
0.010602
0.030877
-0.281048
-0.047592
-0.007295
-0.294527
0.137258
0.034065
-0.059835
-0.370175
-0.127988
-0.032881
0.099895
-0.536790
-0.000518
0.297092
-0.188632
-0.146094
-0.025209
-0.036898
-0.098795
0.142836
-0.071592
0.018996
-0.105298
-0.090063
0.195195
0.027824
-0.039944
0.370678
0.074797
-0.106865
0.078683
-0.112545
-0.216447
0.025108
-0.157743
0.355177
-0.233401
-0.056600
-0.085902
-0.306328
-0.195043
-0.195697
-0.258819
0.067352
-0.045947
-0.050291
-0.259669
-0.002659
-0.022915
0.519586
0.005884
0.032895
0.099179
0.188716
0.091011
0.003716
0.023442
-0.119570
-0.048553
0.268963
0.055957
-0.079071
-0.229339
0.036937
-0.011874
-0.261341
0.259925
-0.000368
0.021458
0.183385
0.078190
-0.127266
0.002670
-0.225511
0.107851
0.095829
0.045522
0.034679
0.099876
0.267006
-0.536661
0.029873
-0.050205
0.103516
0.077848
-0.229053
0.188654
0.037941
-0.273393
-0.058630
-0.147194
0.001254
0.389835
0.249458
-0.070831
-0.026119
-0.525766
0.050010
0.047032
0.044162
0.053083
-0.100192
0.049541
0.133771
-0.117982
0.019076
0.018885
-0.017934
0.089614
-0.070429
0.180973
-0.087692
-0.057489
0.265896
0.209119
0.359128
0.046203
0.016837
0.331131
0.155951
0.135955
0.067006
0.166883
-0.115156
0.182054
-0.373182
0.178699
0.007361
0.211411
0.011582
0.337911
0.041243
0.078699
0.005241
-0.005174
-0.011437
0.158632
0.063845
0.033829
-0.064142
0.320355
0.011144
-0.117268
-0.191236
-0.028666
0.255973
0.023276
0.330847
0.004206
0.004713
-0.057972
0.046224
0.000256
-0.013810
0.289398
-0.084088
-0.083204
-0.193533
-0.008458
-0.137920
-0.245806
-0.124856
-0.152659
0.272437
0.340947
0.211681
-0.126029
0.236044
-0.070385
0.022562
-0.047316
0.017740
0.061059
0.261922
-0.205057
0.007865
-0.079742
0.133614
-0.050518
-0.285351
-0.225836
-0.093447
0.103347
0.261154
0.429415
-0.058319
-0.136506
0.209132
-0.120799
-0.633293
-0.618081
-0.732639
-0.116303
-0.103421
-0.626654
-0.344715
-0.210095
-0.142926
-0.041341
-0.017769
-0.028434
0.217624
0.197481
0.216034
0.109877
-0.167665
0.428672
-0.078051
-0.111624
-0.055873
0.013015
-0.207174
-0.060892
-0.097730
-0.019471
-0.034572
-0.010317
0.551424
0.013957
-0.085162
-0.453667
-0.071953
-0.163333
-0.127514
-0.086757
-0.109189
-0.103296
0.154881
-0.021959
-0.032198
-0.185914
-0.129861
0.020310
-0.097290
0.172942
-0.008415
-0.267216
-0.090642
0.064710
-0.222561
-0.118442
-0.135120
-0.186084
-0.101630
-0.416126
-0.230092
-0.065052
-0.094966
-0.292741
-0.023452
-0.109293
-0.047769
-0.210441
0.019633
-0.071890
-0.094514
0.015249
-0.128661
0.103685
-0.438345
0.077950
-0.163409
-0.193636
-0.010537
-0.004499
-0.197104
-0.407917
0.084039
0.000510
-0.254351
0.022954
0.026732
0.157891
-0.142339
0.029856
-0.018002
-0.048753
0.091543
0.153481
0.051252
0.015057
0.009521
0.004570
-0.064871
-0.237180
-0.241888
-0.079459
-0.158511
-0.237643
-0.075181
-0.241464
-0.072096
0.026341
-0.141343
0.031640
-0.223364
-0.007486
0.390909
-0.052627
-0.121781
0.014928
-0.161166
-0.005901
-0.082579
0.220788
-0.064200
-0.349194
-0.075666
-0.077064
-0.117189
0.156400
-0.188791
0.054262
-0.075060
-0.072132
0.040647
-0.120156
0.000848
-0.099070
0.150587
0.060963
0.065411
-0.023404
-0.085784
0.119088
-0.116508
0.092484
-0.204279
-0.055689
0.143036
-0.069773
-0.102732
-0.102123
-0.198937
0.201706
-0.055998
0.191494
-0.065556
0.032186
0.241136
0.137902
-0.031117
0.104143
0.213066
0.011516
0.101905
0.564710
0.017299
-0.088962
-0.045580
-0.022431
-0.093418
-0.080152
0.042447
-0.109173
0.036554
-0.023116
-0.082431
-0.148827
0.045228
-0.080527
-0.045770
-0.071839
-0.142014
-0.052732
0.061609
-0.096569
0.133860
-0.105218
-0.092128
-0.190967
-0.002245
0.039974
-0.258657
0.019525
-0.002757
-0.066785
-0.009200
0.059810
0.128303
0.268536
0.124522
-0.181387
-0.050227
0.182995
0.049121
-0.077112
-0.086433
-0.113120
-0.011326
-0.295002
0.133108
-0.020052
-0.169121
-0.311158
-0.026797
0.060092
-0.211584
0.060837
-0.370935
-0.192401
-0.037112
-0.037034
-0.029537
-0.011549
-0.269669
0.176339
-0.038036
0.012312
-0.104872
-0.009611
-0.118089
-0.028642
-0.237269
-0.040459
0.189807
0.055619
-0.065670
-0.021612
0.069847
0.488368
-0.071584
-0.114825
-0.032810
0.188121
-0.246511
-0.157533
-0.081225
0.043590
-0.098015
-0.092909
-0.089238
-0.024238
-0.042216
-0.056409
-0.176249
0.041151
-0.019155
0.173773
0.055854
0.065872
-0.005360
0.011627
-0.184328
-0.067949
-0.176706
0.318669
-0.088184
0.408238
0.231788
0.747730
0.187449
0.090532
-0.034310
0.130084
0.004748
0.364711
0.027320
-0.055279
-0.003744
0.069306
-0.100040
0.249198
-0.002268
-0.036036
0.301291
0.006563
-0.130045
-0.032222
0.089591
-0.090932
0.107065
-0.069595
-0.041252
-0.131625
0.309096
-0.005627
0.022057
-0.017522
-0.072800
0.185107
0.048395
-0.116775
-0.110384
-0.026385
-0.027100
-0.041833
0.007839
-0.080144
0.089247
-0.014053
0.114635
0.050473
-0.062831
0.246201
0.214059
0.058287
0.149098
-0.074616
-0.042138
-0.108532
-0.010964
0.298215
0.095754
0.045803
-0.044662
0.004967
0.145600
0.089362
0.025861
0.332208
-0.049730
0.310465
0.032664
-0.029719
0.004697
-0.015958
0.056767
-0.124254
-0.110148
0.377549
0.358025
0.166597
-0.034647
0.003167
0.150999
-0.044912
0.073785
-0.093664
0.039180
0.154679
-0.076294
-0.117627
0.021974
-0.085557
0.147725
0.349489
-0.030972
-0.065332
0.104608
-0.075994
-0.008675
-0.118186
-0.080349
0.046050
0.040460
0.040997
0.084120
0.059894
-0.048825
-0.037319
-0.206901
0.075299
-0.090107
0.102234
-0.010062
-0.029570
0.153028
-0.021003
-0.002622
-0.368023
0.009035
0.011791
0.097265
-0.028173
0.004958
0.064207
-0.039094
-0.024244
0.016383
0.154708
-0.028987
-0.059535
0.038131
-0.037114
-0.009704
0.038662
0.224636
0.419481
0.121490
0.101800
0.021058
-0.160033
0.110069
-0.046453
0.290045
0.283114
0.107255
-0.099001
-0.105935
0.403093
0.351984
0.117495
0.019462
0.164515
0.282281
0.057510
-0.230762
-0.173382
0.405771
-0.058716
0.407338
0.220943
0.076955
1.304877
0.182070
0.046281
0.044242
-0.077750
-0.148068
-0.012217
-0.104261
-0.006313
-0.113620
0.157181
0.366448
-0.120805
-0.132890
-0.082616
0.067966
-0.246701
0.140100
0.084269
-0.024732
-0.044892
-0.126390
-0.234116
-0.096022
0.029047
-0.058689
-0.239235
-0.083543
-0.116358
0.231702
-0.829850
-0.110390
-0.028610
0.026276
-0.126422
0.018043
-0.805971
-0.167765
0.133978
-0.078554
0.042134
0.064948
-0.251380
-0.035312
-0.137329
-0.488948
-0.290165
-0.216473
-0.102181
0.113414
-0.119282
-0.117908
-0.179076
-0.132152
-0.164221
-0.035730
0.008537
-0.040911
-0.037309
-0.068213
-0.019930
-0.167497
-0.068599
-0.006381
-0.109321
0.283843
-0.023332
-0.134756
0.201434
0.085330
-0.101566
0.514388
-0.061273
0.209067
-0.450322
-0.046654
0.068855
0.063777
-0.210280
-0.004349
0.132752
-0.175223
-0.040823
0.092605
0.006061
-0.074193
-0.201961
0.029763
-0.109407
-0.068902
-0.055455
-0.119567
-0.380509
-0.248277
0.003118
-0.175003
-0.383440
0.042385
-0.135646
0.073120
-0.149223
0.246139
-0.085577
0.015627
-0.028719
0.078296
-0.042822
-0.189841
-0.058861
0.186011
-0.070357
-0.168802
-0.343761
-0.117456
0.131989
-0.382420
0.076407
0.060031
-0.175637
0.015833
-0.238788
-0.272655
-0.490934
-0.100696
0.189418
0.059088
0.028397
-0.010754
-0.630237
-0.178961
0.100596
-0.068448
0.155445
-0.001486
0.096731
-0.029534
0.050845
0.140470
-0.102372
-0.187197
-0.011154
-0.142084
0.388312
-0.288250
-0.082655
-0.178226
-0.085712
-0.115492
0.032248
-0.184009
-0.512369
-0.174035
0.164965
-0.000499
0.259757
-0.033356
-0.051282
-0.214394
-0.218101
0.098647
-0.231685
0.163469
-0.094598
-0.197013
0.045928
-0.063001
-0.134432
-0.072630
-0.094409
-0.032354
-0.111670
-0.067644
-0.244721
-0.114492
-0.095033
-0.297311
-0.229204
-0.059103
0.150862
-0.112541
-0.046437
-0.156297
-0.228876
-0.000775
-0.025325
-0.046068
0.012226
-0.079142
-0.161426
-0.088417
-0.105342
-0.056232
-0.065897
-0.159984
-0.128297
-0.093116
-0.116253
0.111193
0.011957
0.242776
-0.174629
-0.140647
0.029071
-0.038834
-0.039132
-0.049515
0.146874
-0.238395
0.042558
-0.112264
-0.157625
-0.152768
-0.250387
0.046070
0.063516
-0.064426
-0.286416
-1.145605
-0.009561
0.181141
0.038811
0.011416
0.010076
0.035406
0.191232
0.086117
-0.111873
0.323762
-0.369977
-0.177713
-0.050553
-0.135968
-0.049330
-0.059795
-0.282646
-0.313905
-0.084116
-0.025737
-0.088982
-0.082698
-0.158750
-0.020424
0.051733
0.091878
0.110355
0.266394
-0.003385
-0.113530
0.000921
0.082695
0.161639
0.088189
-0.030359
-0.071537
-0.021792
0.025233
-0.181903
-0.032394
0.099792
-0.046068
-0.122939
-0.056439
-0.001178
0.404576
-0.269813
0.082251
0.075412
0.015003
-0.000367
-0.099972
-0.155446
-0.021561
0.035389
-0.078322
-0.098542
0.239807
0.020895
0.075583
0.012995
0.129896
0.025990
0.415016
0.123403
-0.144030
-1.089530
-0.103671
0.253603
0.014890
0.035540
0.238720
0.260436
0.036498
-0.023742
-0.019600
0.049021
-0.055879
0.054528
0.311157
0.024041
0.073015
0.054671
0.076056
-0.042783
-0.032903
-0.009052
-0.007283
0.000199
0.347255
0.002167
0.146164
-0.115670
-0.072523
0.015605
-0.018838
-0.312973
0.106151
0.277685
0.166031
0.218034
-0.430679
0.074495
0.138418
-0.080009
-0.234592
0.341313
0.088816
0.046660
0.460691
-0.090671
-0.255455
-0.004268
0.058402
0.127047
-0.005065
-0.062954
0.438334
0.008652
0.048588
0.028628
0.045864
-0.034898
0.174745
0.088890
0.095045
0.335677
0.124694
-0.020863
-0.096263
-0.041062
0.005414
-0.048097
0.043269
-0.187512
0.081539
0.181360
-0.121801
0.075021
-0.033119
-0.028502
0.269997
0.106354
0.018599
-0.009841
0.072458
-0.042968
-0.118136
-0.007028
-0.012602
-0.129535
-0.056818
-0.101046
0.086354
-0.168993
-0.219123
-0.149428
-0.141939
0.055501
-0.063598
-0.001426
-0.114952
-0.025340
-0.199610
-0.141323
-0.077537
-0.159998
-0.173806
0.410170
0.243665
0.078066
-0.193741
-0.159921
-0.098067
0.357687
-0.159014
0.031398
-0.044026
-0.186825
-0.000390
-0.030946
0.221383
-0.316019
-0.172601
-0.020332
-0.213035
-0.134197
-0.042371
0.066951
0.154136
-0.095142
-0.306779
-0.122952
-0.192382
-0.527413
-0.030100
0.078820
-0.026823
-0.209668
-0.167393
-0.494811
-0.331350
0.114776
-0.553491
-0.039308
0.026301
0.163567
0.069279
0.078745
0.109210
-0.173412
0.349286
-0.431471
-0.569246
-0.122289
-0.163109
-0.238059
0.031565
0.021835
-0.116355
-0.028017
